0.786000
0.029481
0.069727
-0.065934
-0.856872
-0.843633
0.569165
0.772034
0.489295
-0.312551
-0.545918
-0.043162
0.414669
-0.372856
0.570444
-0.782447
0.252711
0.801832
-0.905564
-0.328544
-0.209354
0.801586
0.939019
0.618969
-0.528895
-0.768993
0.397402
-0.665093
-0.416575
-0.918090
-0.619131
-0.364406
-0.223828
-0.915343
0.751856
-0.486396
-0.083817
0.807177
-0.214496
-0.870059
0.400337
-0.658292
-0.717291
0.991005
-0.313921
0.085391
-0.497822
-0.985352
-0.040430
-0.482255
0.466142
-0.825012
-0.820299
0.616295
-0.764387
0.518252
0.844988
0.369301
-0.688334
-0.691253
-0.005817
0.005490
-0.323030
-0.695643
0.197512
0.295440
-0.941914
0.204492
0.253689
-0.571603
-0.031096
-0.533259
-0.592405
-0.529430
0.615986
-0.405404
-0.081464
0.307909
0.824194
-0.105460
-0.258460
0.876015
-0.219669
0.713419
0.058870
-0.662336
0.324239
0.588287
0.846366
0.341465
-0.363032
0.023647
-0.711811
0.834134
-0.174855
0.647475
0.961431
0.301767
-0.678328
0.791003
0.953443
0.019214
-0.010738
-0.232594
0.831103
0.803855
-0.662949
0.895617
-0.534846
0.976895
-0.162808
-0.178264
-0.809480
-0.046812
0.890716
0.920795
0.785594
-0.336654
-0.548043
0.653647
0.781043
-0.829540
-0.145318
0.705310
0.145586
-0.858574
0.700107
-0.455293
-0.513996
0.111402
0.285610
0.224972
0.759817
-0.155452
0.720334
-0.525538
-0.929610
-0.868845
-0.232773
0.878037
0.558826
0.562901
-0.273896
-0.030332
-0.270377
0.920464
-0.327537
-0.853059
0.559383
-0.302688
-0.481936
-0.140605
0.078804
-0.138367
-0.171048
0.420855
0.632124
-0.196010
-0.729668
-0.818866
-0.141298
0.500389
-0.843692
-0.838217
-0.089174
-0.495389
-0.756134
-0.843548
-0.048425
0.877888
0.536446
-0.363506
0.053129
-0.771141
-0.982182
0.686329
-0.795475
0.932182
-0.138341
0.844586
0.317093
-0.888701
-0.314738
-0.885887
-0.259851
-0.903635
-0.544374
0.807748
-0.880595
0.211168
-0.917173
-0.369457
-0.170948
-0.124994
-0.678126
0.343195
-0.057108
0.945975
-0.125268
0.808634
0.081033
0.809192
-0.821829
-0.515284
0.298871
-0.477883
0.148317
0.930968
0.047384
-0.901467
0.581123
0.353182
0.221219
0.923895
0.401667
-0.649783
-0.042578
0.227112
-0.584621
0.470319
0.483554
0.635971
0.502366
0.394255
0.657774
0.015667
-0.256845
0.641677
0.612174
-0.005714
0.127076
0.329563
0.655434
-0.376449
-0.821126
-0.157095
-0.743933
0.650628
-0.830941
-0.839750
-0.398189
0.949273
-0.939379
0.437353
0.459126
0.742258
-0.889609
-0.004619
0.000697
-0.517198
0.692859
0.276649
0.366114
-0.825754
0.062650
-0.641082
-0.103477
-0.271116
-0.126905
-0.529550
-0.123088
0.830133
-0.135749
-0.666989
0.662483
0.284561
0.840295
0.312901
0.996091
-0.745991
0.528969
0.161541
-0.521294
0.275611
-0.162401
0.337086
-0.343643
0.763353
0.116847
0.282287
-0.983601
-0.479058
0.319265
0.540698
0.891547
-0.763730
0.261099
0.233630
-0.315133
-0.560790
-0.716859
-0.408786
-0.795422
0.284341
0.305035
0.118850
0.130099
-0.830754
0.554762
-0.292178
-0.297167
0.551027
0.536727
0.599066
0.758013
-0.138398
0.029270
-0.819873
0.842866
0.475789
-0.133072
0.073081
0.892934
-0.010265
-0.604982
0.374892
-0.557620
-0.322092
-0.043908
0.969778
-0.235372
0.123999
0.725530
0.333582
-0.274220
-0.913681
0.863329
0.628129
-0.967129
-0.218914
-0.076881
0.010207
0.886288
-0.268219
-0.449842
-0.347470
0.987884
-0.774882
-0.378757
-0.212139
0.335250
-0.798591
-0.326933
0.715330
0.761106
0.033319
0.575441
-0.887196
0.350671
0.041312
0.789664
-0.685223
-0.715649
-0.158216
-0.304678
0.628546
-0.231275
-0.212536
0.782031
0.089543
-0.748754
0.597013
-0.557451
0.448838
0.400599
0.819876
-0.293775
-0.762599
0.156794
-0.283483
0.234749
0.980399
-0.418517
0.702245
-0.063254
-0.972471
0.272760
0.619023
-0.164795
-0.866476
0.606130
-0.768986
0.672778
0.688434
0.703169
0.367325
-0.659922
-0.923555
0.620995
-0.448429
-0.635985
0.827039
0.885588
-0.350987
0.328430
0.911068
0.457631
-0.063163
0.373360
0.384434
0.981842
-0.076448
0.189034
0.392546
0.178491
0.251623
0.065968
-0.534382
-0.929696
0.567887
0.483238
-0.668770
-0.421623
0.991721
-0.120028
0.223002
-0.541896
0.093574
0.274499
-0.741188
0.744384
0.409358
-0.213344
-0.542782
-0.151498
-0.934843
0.348011
-0.194591
-0.496276
-0.266987
-0.983383
-0.198320
0.595242
-0.797061
0.881567
-0.047764
0.923351
0.521511
-0.716740
0.293469
-0.652066
-0.569004
-0.273557
0.339129
0.331347
-0.335563
0.356399
-0.216845
-0.447055
0.121231
0.762400
0.413592
0.021892
-0.628270
0.076460
0.339566
0.467843
0.445972
-0.034499
0.726122
-0.300977
0.270735
-0.193735
0.922961
-0.299528
0.456586
0.818125
-0.126517
0.217896
-0.534502
-0.414271
-0.495989
0.566437
-0.565490
-0.227362
0.814904
0.810200
-0.368912
-0.515342
0.977993
-0.366299
0.226160
0.715250
-0.700966
0.820017
-0.542551
-0.893738
-0.732167
0.063851
-0.276622
-0.596667
-0.420904
-0.834878
0.444621
0.897509
-0.046220
-0.624451
0.285057
-0.280563
-0.422469
0.289275
-0.254134
-0.310745
0.177243
-0.884694
0.421310
0.369716
0.640019
0.909902
-0.297509
0.943715
0.133813
