-0.779307
-0.470925
0.069918
0.265882
0.682639
-0.183455
0.438602
-0.438149
0.672907
-0.280027
-0.749165
0.548472
0.426959
-0.679984
-0.846020
-0.654452
-0.532022
0.933525
0.897270
-0.854060
0.237113
-0.296936
0.887930
0.661679
-0.428020
-0.857389
0.828555
-0.016639
-0.466589
0.849183
-0.313449
-0.967367
0.135363
0.485903
0.691892
0.046074
-0.139774
-0.770181
0.693039
-0.766115
-0.075553
-0.147065
0.014840
0.860822
0.327130
0.289781
0.365412
-0.940155
0.081593
-0.952662
-0.372352
0.412958
-0.074239
-0.744436
0.144118
0.180146
0.639987
0.295333
-0.143945
0.749707
0.095012
-0.464179
-0.315459
-0.071396
-0.447679
-0.917169
0.834142
0.224389
-0.258779
-0.841320
-0.125254
0.022358
-0.306925
0.574921
-0.699909
-0.012123
-0.362258
0.968268
0.780257
0.351601
-0.382680
-0.947680
0.963406
-0.659900
-0.118688
0.680600
-0.863338
-0.226359
-0.125672
-0.823364
-0.444209
0.078771
0.660279
-0.255153
0.225759
-0.603409
0.395753
-0.900656
0.616253
0.909902
0.296378
0.191288
-0.410571
0.016789
-0.633533
-0.910120
0.001313
0.523065
-0.773926
-0.385256
-0.468504
-0.359729
0.260245
0.562423
-0.918513
0.920293
0.439512
0.071139
-0.892141
-0.050556
-0.182944
-0.792324
-0.209398
0.189777
-0.748704
-0.540755
0.774319
0.475484
0.578977
-0.049220
0.414867
-0.315272
-0.075149
0.201806
0.535581
-0.517181
-0.172286
-0.269954
0.325341
0.612892
-0.008951
-0.350530
0.949613
0.725201
-0.078373
-0.813851
-0.964038
0.991333
-0.154270
-0.811729
-0.633552
0.094830
-0.138966
-0.197937
-0.507436
-0.333547
0.087418
-0.263472
0.327850
-0.089152
0.165881
-0.669990
-0.056140
-0.589561
-0.555579
-0.975664
0.613371
0.456672
-0.041329
-0.398832
0.422950
-0.141242
-0.011517
0.734179
0.267279
0.436626
-0.701349
-0.873954
0.741688
-0.659461
-0.318048
-0.205707
0.120487
0.874006
-0.305683
-0.895172
0.186638
0.110695
0.025263
-0.490993
-0.003471
-0.501575
0.976637
0.632150
-0.262760
0.188251
-0.533888
-0.153212
0.680004
-0.890593
0.356389
0.403146
0.887193
-0.705120
0.288748
-0.351402
-0.476248
0.834290
-0.268780
0.371222
-0.433093
-0.565991
0.193744
0.683755
0.379518
0.659448
0.892326
0.166298
0.518686
0.975538
-0.443402
-0.351504
-0.578427
-0.482928
0.711971
-0.236200
0.189501
0.783246
-0.900811
0.955472
0.609572
0.185900
0.129803
-0.775647
0.253140
0.267686
0.882617
-0.428326
0.138857
0.461585
-0.132983
-0.549279
0.305168
-0.622847
0.867957
0.146681
-0.324736
0.587494
-0.948616
-0.776346
-0.671920
-0.039812
-0.519377
-0.772594
0.408327
-0.192737
0.345335
0.802321
-0.535531
-0.236887
-0.054147
-0.526908
0.820814
0.125616
-0.584299
-0.268886
-0.589332
-0.192633
0.071524
-0.701997
0.208308
0.070959
0.681177
0.016731
0.744586
-0.546834
-0.522752
0.884599
0.109142
0.067743
-0.911687
0.475850
-0.244731
0.657050
0.359513
-0.792845
-0.204607
-0.186491
0.961571
-0.771737
-0.613934
0.147091
0.389642
-0.297664
-0.768185
0.735324
-0.382353
-0.779682
-0.302668
-0.838025
-0.848766
-0.797079
0.115497
-0.531104
0.637217
-0.752486
-0.503593
0.322507
-0.835342
0.412680
-0.111447
-0.904256
0.883057
-0.048288
-0.514262
0.519334
0.199854
0.116984
0.047957
0.253377
-0.278887
0.098675
-0.871710
-0.305607
-0.085355
0.529254
0.108548
0.552016
0.999083
0.182266
-0.166547
0.309608
-0.661652
0.235355
-0.838067
0.328271
0.186598
0.383690
0.671058
0.163506
-0.559901
-0.588423
0.349135
-0.104937
-0.966893
0.789499
-0.443718
-0.057231
0.468182
0.038920
0.044429
-0.721473
0.650159
-0.061919
-0.468011
0.066009
0.868964
0.625184
-0.439225
-0.171292
0.817774
-0.943105
-0.312749
-0.733482
0.866908
0.710618
0.736355
-0.394949
-0.968268
0.827518
-0.384345
-0.934447
-0.261518
-0.081089
-0.389509
0.399105
0.789322
0.261940
-0.314584
0.045667
-0.499017
0.052268
-0.669119
0.158769
0.841794
0.649656
0.773875
-0.794541
-0.078591
0.724809
0.532913
-0.767987
0.582838
-0.086521
0.866941
0.569553
0.659741
-0.679683
-0.748654
-0.000299
-0.874953
-0.591312
0.201727
-0.581790
-0.638562
-0.576463
0.548435
-0.303313
0.450371
-0.949547
0.080453
-0.214108
-0.072208
0.628007
-0.085151
0.004764
-0.412948
-0.255257
-0.162014
0.619988
-0.060135
-0.708433
0.077803
0.576678
0.876611
-0.969720
-0.627662
0.318922
0.148871
-0.106131
0.942786
0.228567
-0.739784
-0.885043
0.237403
0.087461
-0.985071
-0.767775
-0.845048
0.086345
-0.430265
-0.993440
0.114469
-0.255743
0.970743
-0.128196
-0.223212
-0.305243
-0.452588
0.377760
-0.700353
0.099507
-0.466780
-0.094966
-0.496081
-0.303849
0.059753
-0.523235
-0.081600
-0.318884
-0.004578
-0.717040
-0.360465
-0.667479
-0.027348
-0.291027
-0.389298
-0.875108
-0.146869
0.202888
-0.426312
0.631999
0.131923
0.422371
0.359431
0.484442
0.938869
0.059560
0.375609
0.772811
-0.574580
-0.156818
0.227684
0.716796
-0.627499
0.684160
-0.477636
0.917967
0.962935
-0.791918
0.887858
-0.538178
0.820104
-0.535355
0.668152
-0.430223
-0.010476
0.381238
-0.036753
-0.497413
-0.062227
-0.868560
-0.177560
0.198762
0.662136
-0.416439
-0.191551
-0.924964
-0.591507
-0.517766
0.854887
0.516914
