0.415561
-0.743277
-0.217379
0.470921
-0.271214
-0.017113
0.025776
-0.182055
0.708237
0.588987
0.776724
0.657840
-0.868623
-0.606181
-0.798636
0.261393
-0.631998
0.526227
-0.233238
-0.942417
-0.879740
0.570614
-0.250802
-0.372995
-0.025485
0.380022
-0.827649
-0.178276
-0.751625
0.163266
0.390358
-0.926431
-0.660514
-0.350251
-0.036090
0.185140
0.447934
-0.182215
-0.915605
0.486333
-0.793484
-0.450858
0.230756
-0.127990
0.097838
-0.742593
0.763239
-0.076520
-0.288194
-0.871803
-0.029468
0.268665
-0.083574
0.432963
0.182706
-0.087577
0.094795
-0.316386
-0.209291
-0.707757
0.140595
0.468740
-0.054596
-0.580103
-0.980281
0.894396
-0.306974
-0.235465
-0.627685
0.643708
0.998964
-0.764517
-0.535930
-0.387224
-0.425294
-0.504122
-0.995405
0.922397
-0.454514
0.964550
0.772669
-0.364063
0.973487
-0.423683
-0.447592
0.163411
0.813937
0.515296
0.021663
0.759493
-0.828615
-0.503082
0.096756
0.078141
-0.689318
0.716006
-0.173967
-0.848634
0.398659
-0.541174
0.162446
-0.864877
0.416699
0.202831
0.486737
-0.560257
-0.683969
-0.334454
-0.833284
-0.075562
0.976166
0.969657
-0.554760
0.916341
-0.328231
-0.079759
0.561687
-0.852424
-0.771288
-0.347537
-0.460647
0.490326
0.297899
0.492988
-0.736341
-0.416178
-0.368562
-0.495280
0.857598
-0.202314
0.711855
-0.496031
0.361223
-0.583462
0.693620
0.284276
0.116740
-0.280319
-0.885838
-0.268972
0.826233
-0.334703
-0.954857
-0.783602
-0.244562
-0.254448
-0.944167
-0.521706
-0.052176
0.774844
-0.450640
0.902691
-0.125788
0.158930
-0.979326
0.641487
0.062573
-0.564256
0.682922
0.092154
-0.989683
-0.461383
-0.271657
0.313566
-0.587725
0.862076
-0.211852
-0.258625
-0.059694
-0.360769
0.344877
0.173663
-0.036492
-0.110968
0.050455
0.723143
-0.517858
0.250498
-0.873635
-0.260037
-0.195894
0.434075
0.303855
-0.044125
0.315326
-0.014807
0.828550
-0.131624
0.439797
0.831597
0.186616
0.883792
-0.967667
-0.619798
-0.098963
0.290696
-0.625416
0.257821
-0.951688
-0.587999
-0.347551
-0.298863
0.456817
0.811182
0.433060
-0.847370
0.553008
-0.351688
-0.810516
-0.005920
-0.483582
0.543840
-0.001256
-0.244113
-0.344045
-0.218127
-0.922137
0.480238
0.154203
-0.859553
-0.199101
0.652811
-0.670135
-0.612383
-0.753031
0.890197
-0.115484
-0.651247
0.709318
0.955878
0.855588
0.891612
-0.401561
0.924113
-0.370238
0.550107
-0.485712
0.156571
0.442042
-0.498232
-0.894525
-0.289599
0.126960
-0.484333
0.888125
0.266460
0.049631
-0.602286
0.951041
0.714595
-0.344978
-0.915884
0.488941
-0.449145
-0.811860
-0.749451
-0.591841
0.955747
0.660301
-0.555880
-0.669700
-0.302186
0.923031
-0.545524
-0.737087
-0.662030
-0.537083
0.355795
0.083587
-0.566593
0.344753
-0.021349
0.775927
0.394058
-0.969076
0.773415
-0.612757
0.447201
-0.364060
-0.916769
-0.178985
-0.047843
-0.001173
0.446190
0.432133
0.534454
-0.315317
-0.113158
0.945865
-0.809431
0.460961
-0.048209
0.352049
0.162836
0.838180
-0.957829
-0.968347
0.549444
0.334186
0.888813
0.893300
-0.771587
0.508773
0.296999
-0.637314
-0.960406
0.989738
0.047743
0.095143
-0.874434
0.700291
-0.942041
-0.126391
-0.602835
-0.493085
0.367312
0.545885
-0.041614
0.149696
-0.214396
0.390586
0.266494
0.663902
-0.097510
-0.124712
-0.125909
0.228220
-0.174793
-0.250710
0.271588
-0.233512
-0.316339
0.159197
-0.105369
0.797395
0.060561
-0.047301
0.425093
-0.878755
0.946291
0.492915
-0.368561
-0.902179
0.675738
0.624144
0.797824
-0.259625
0.439282
-0.934067
0.006352
0.544045
0.227724
-0.133672
-0.233084
-0.937428
0.280436
-0.851083
-0.646500
-0.520366
0.538037
0.657114
0.794639
0.619829
0.615785
-0.799907
-0.482508
0.889474
-0.583392
0.965666
-0.779211
-0.482167
0.196988
-0.029773
-0.692540
-0.404768
0.203874
0.817278
0.439758
-0.984251
-0.417299
-0.784193
-0.211469
-0.578200
-0.568738
-0.521095
-0.601525
-0.404372
-0.097894
-0.681730
0.835888
-0.213254
-0.262988
-0.453324
0.617878
-0.940129
0.301878
0.504415
0.891391
0.650328
-0.545139
-0.118543
0.910483
0.822042
-0.553936
-0.616572
-0.522595
0.731481
0.388256
-0.334648
-0.805193
0.823500
0.115544
0.837796
0.059935
0.108759
0.292317
-0.585384
0.874139
0.452616
-0.475064
-0.403480
-0.605382
-0.625298
0.261178
-0.978607
-0.349372
0.524820
-0.259089
-0.571319
-0.026017
-0.181510
-0.406086
-0.545252
0.393325
0.453900
-0.645022
-0.381879
0.777133
0.453881
0.220019
-0.166541
0.814429
0.293675
0.167696
-0.916979
-0.518405
0.348107
-0.973197
0.083746
-0.853907
-0.597761
-0.468651
-0.995655
-0.199007
-0.907862
0.863247
0.192084
0.363081
-0.241012
0.617890
-0.285814
-0.912547
0.417380
0.374117
-0.486369
0.315367
0.407950
0.898512
-0.538141
0.521094
0.716591
0.861195
-0.129590
-0.594447
0.477667
0.382191
0.474411
-0.361361
0.741876
0.188343
0.785130
-0.248590
0.108733
-0.582378
-0.089894
-0.498969
-0.283440
-0.651832
0.990552
0.876742
0.663499
-0.358651
-0.488748
-0.580199
-0.317360
0.428055
-0.638345
-0.543321
-0.889919
-0.666309
-0.357735
-0.953002
-0.298152
0.097816
0.399511
-0.097162
-0.056061
0.703082
0.400499
0.540037
0.053632
0.514771
