0.662136
-0.000299
0.099507
-0.191551
-0.863338
0.639987
-0.324736
0.562423
0.693039
0.069918
-0.517181
-0.854060
0.659741
0.351601
-0.701997
-0.172286
-0.303313
0.016789
0.191288
0.014840
0.516914
-0.514262
0.574921
0.077803
-0.613934
0.267686
-0.708433
-0.900656
0.660279
-0.426312
0.422371
-0.773926
0.684160
-0.255743
0.897270
0.295333
-0.382353
-0.106131
-0.452588
-0.146869
-0.430223
-0.147065
0.186638
-0.016639
0.399105
0.735324
-0.733482
-0.574580
0.267279
-0.701349
-0.767775
-0.622847
-0.845048
-0.885043
-0.633552
-0.952662
-0.739784
-0.910120
-0.062227
0.749707
-0.476248
-0.118688
-0.559901
-0.081089
-0.949547
-0.526908
-0.776346
-0.900811
0.059753
-0.372352
-0.748654
-0.111447
-0.197937
-0.779307
-0.749165
0.887193
0.201806
0.683755
-0.654452
-0.269954
0.999083
-0.947680
-0.535355
-0.659900
0.587494
0.682639
0.725201
-0.039812
-0.857389
-0.094966
-0.041329
-0.770181
-0.315272
0.625184
-0.576463
0.892326
0.802321
0.741688
0.882617
-0.412948
-0.975664
-0.410571
-0.011517
0.135363
-0.297664
-0.313449
0.820104
0.166298
-0.700353
0.938869
-0.296936
0.628007
-0.303849
-0.314584
0.456672
-0.918513
0.359431
0.909902
0.874006
0.968268
-0.351504
0.098675
-0.258779
0.991333
-0.848766
-0.104937
-0.223212
-0.993440
-0.873954
-0.351402
-0.428326
0.288748
-0.054147
0.780257
-0.667479
0.305168
-0.049220
0.841794
0.182266
0.976637
0.004764
0.523065
0.680600
0.296378
-0.186491
-0.565991
-0.679984
-0.627499
-0.278887
0.087418
-0.086521
-0.125254
0.114469
0.086345
0.078771
-0.482928
-0.717040
0.774319
-0.904256
-0.846020
-0.522752
-0.209398
-0.183455
0.163506
0.371222
0.253377
-0.428020
0.189501
-0.466780
0.147091
0.613371
0.783246
-0.627662
-0.768185
-0.138966
0.071139
-0.444209
0.228567
-0.603409
-0.333547
-0.633533
-0.078373
0.115497
-0.948616
-0.671920
0.578977
-0.792324
0.202888
-0.003471
0.955472
-0.384345
-0.280027
0.022358
0.827518
-0.008951
-0.917169
0.475484
-0.661652
0.866908
0.724809
-0.318884
-0.875108
0.047957
-0.964038
0.309608
0.461585
0.867957
-0.501575
-0.911687
-0.315459
0.038920
0.519334
-0.305683
0.146681
0.548435
0.828555
-0.766115
0.327850
0.680004
0.403146
-0.967367
0.193744
-0.192737
-0.823364
0.144118
-0.255257
-0.268886
-0.507436
-0.305607
0.365412
-0.255153
-0.591312
0.138857
-0.204607
-0.468504
0.414867
-0.061919
-0.874953
-0.056140
-0.226359
-0.443402
0.188251
0.734179
0.426959
0.949613
-0.797079
0.289781
0.933525
-0.772594
-0.438149
-0.236887
0.649656
-0.261518
-0.139774
-0.895172
-0.350530
-0.048288
0.942786
0.025263
0.612892
0.379518
-0.503593
0.109142
0.052268
0.094830
0.356389
-0.141242
-0.838025
0.328271
0.325341
-0.868560
0.253140
-0.841320
-0.075553
0.071524
0.963406
-0.835342
-0.813851
0.962935
0.661679
-0.154270
-0.721473
-0.089152
0.359513
-0.192633
0.129803
0.609572
0.657050
-0.555579
0.327130
0.227684
0.616253
0.849183
0.920293
-0.890593
-0.382680
0.389642
-0.771737
0.883057
-0.934447
-0.074239
0.224389
0.345335
-0.477636
0.198762
-0.312749
-0.398832
-0.499017
0.377760
-0.153212
-0.466589
0.632150
-0.589561
-0.669119
-0.871710
-0.535531
0.199854
0.237403
-0.490993
-0.549279
-0.519377
0.868964
-0.464179
0.569553
0.668152
-0.360465
0.087461
0.189777
-0.969720
-0.523235
0.773875
-0.588423
-0.447679
0.659448
-0.589332
0.408327
0.116984
0.681177
-0.775647
-0.540755
0.866941
-0.679683
-0.496081
-0.838067
0.485903
0.108548
-0.027348
-0.968268
-0.439225
0.080453
-0.389298
0.225759
0.650159
0.110695
-0.468011
-0.811729
-0.767987
0.438602
0.887930
0.148871
0.834142
-0.305243
0.158769
-0.060135
-0.940155
-0.057231
0.165881
-0.071396
0.081593
0.975538
0.576678
0.095012
0.125616
-0.533888
-0.262760
0.711971
0.789499
-0.010476
-0.985071
-0.581790
-0.416439
-0.794541
-0.268780
0.016731
0.318922
-0.752486
0.529254
0.619988
-0.659461
0.484442
-0.075149
0.208308
0.789322
-0.166547
-0.244731
-0.306925
-0.078591
0.887858
0.468182
0.772811
-0.132983
-0.443718
0.044429
-0.430265
0.066009
0.631999
-0.584299
0.059560
-0.318048
-0.470925
-0.705120
-0.085151
0.237113
0.185900
0.884599
0.131923
-0.546834
-0.072208
-0.162014
0.120487
0.671058
0.201727
-0.302668
-0.578427
-0.538178
-0.779682
0.860822
0.260245
0.375609
-0.943105
0.854887
0.412680
0.817774
0.261940
-0.791918
0.001313
-0.591507
0.436626
0.535581
-0.433093
0.180146
0.045667
-0.236200
-0.748704
0.422950
-0.214108
0.349135
0.552016
0.970743
0.672907
0.548472
0.736355
0.439512
-0.385256
0.637217
-0.389509
-0.143945
0.917967
-0.012123
-0.182944
-0.531104
-0.125672
-0.699909
-0.156818
0.186598
0.820814
0.532913
-0.050556
-0.128196
-0.532022
-0.497413
-0.004578
0.450371
0.383690
0.744586
-0.362258
0.265882
-0.263472
0.475850
0.070959
-0.171292
0.395753
-0.205707
-0.892141
-0.394949
-0.359729
0.067743
-0.085355
0.412958
0.691892
-0.177560
0.322507
0.961571
0.716796
-0.669990
0.876611
0.235355
0.582838
-0.036753
-0.517766
0.834290
-0.744436
0.710618
-0.966893
0.381238
-0.924964
-0.081600
0.518686
-0.638562
-0.291027
-0.792845
0.046074
