-0.709837
0.667058
-0.617082
-0.321156
-0.149241
-0.559828
-0.829707
-0.724950
-0.635639
0.217318
0.299210
-0.516403
-0.169121
-0.904353
0.620266
-0.920934
-0.586778
-0.308153
-0.843676
-0.753349
0.125280
0.587087
-0.315762
0.656095
-0.591149
-0.505610
-0.179395
0.007814
-0.282964
0.709494
0.703384
0.617625
-0.274330
-0.278794
0.263348
-0.386345
-0.899126
0.246363
-0.045125
0.561697
-0.016617
0.784215
-0.973655
-0.688371
-0.909934
0.625188
0.206520
-0.648431
-0.946461
-0.639584
-0.535192
-0.194725
0.074958
0.081921
-0.184258
0.291625
0.323005
0.362977
0.455831
0.645515
-0.317811
-0.435566
0.204616
-0.982947
-0.263040
0.709088
0.418840
-0.257736
0.502198
-0.281977
-0.042905
-0.704056
0.072286
0.427979
0.583164
0.311407
-0.569093
-0.667573
0.502238
0.872121
0.005221
-0.042981
0.497708
0.502996
-0.132743
-0.584628
0.298388
0.955926
-0.025501
-0.652156
0.064809
0.302585
-0.444143
0.268846
0.064113
-0.236440
0.585863
-0.481949
-0.101678
-0.682495
-0.191482
0.072011
-0.063417
0.684145
-0.136974
0.661402
-0.513154
0.504533
0.669385
0.003770
-0.938067
-0.769877
0.876457
0.947071
0.754924
-0.239677
-0.388161
0.301051
-0.151183
0.089896
0.840872
0.276872
-0.625603
0.130942
-0.407295
0.978420
-0.445393
0.011683
-0.409776
-0.907152
-0.514167
0.439875
-0.678761
-0.526381
0.739116
0.897455
0.225652
0.239521
0.297426
-0.108553
-0.367637
0.800245
0.046636
0.920653
-0.180580
-0.316471
-0.209997
-0.535494
-0.360804
0.629170
-0.705322
-0.991568
0.384675
-0.356479
0.497440
0.545188
0.626014
0.162535
0.274047
0.497470
0.469352
0.256931
0.823623
0.955895
-0.821506
0.960330
0.311735
-0.208315
0.879729
-0.384440
0.490301
0.471590
0.050876
0.453303
0.052165
0.913729
-0.788082
-0.389864
0.753517
0.690920
-0.725452
0.356050
-0.730470
0.067883
-0.384169
0.815139
0.548432
0.718379
-0.935959
-0.028439
-0.373994
-0.605127
0.931854
0.052406
-0.997430
0.214543
0.475929
0.610792
-0.220911
-0.611923
-0.898528
0.239824
0.148448
0.263368
-0.065706
0.860439
0.496199
0.816094
-0.410284
-0.088402
-0.015240
0.075855
-0.271129
-0.774876
0.488503
0.395508
0.637645
0.944093
0.677494
-0.762616
0.235092
0.106784
-0.967220
-0.124499
0.772593
0.841260
-0.668550
-0.854895
0.165498
0.834766
0.797987
0.696544
0.930904
-0.354590
0.871728
-0.645132
-0.274821
-0.461004
-0.884569
-0.748581
0.277236
0.408471
-0.260680
-0.862649
0.291558
-0.513462
0.689030
-0.219955
-0.535444
0.661215
0.730281
-0.273325
0.328102
0.433743
-0.124266
-0.553184
-0.600985
-0.333380
-0.983988
0.683856
-0.368334
-0.852545
0.366444
-0.795818
-0.908641
0.018586
-0.377288
0.416017
0.129000
-0.856181
-0.467334
-0.864433
0.182402
0.885538
-0.997030
-0.260345
0.147241
0.499645
-0.240887
-0.290567
0.540215
0.029416
0.819198
0.923225
-0.432886
0.757625
0.613679
0.244387
0.211435
-0.033232
-0.686706
-0.489172
0.385270
0.085359
-0.454396
0.719288
0.777698
-0.611626
0.183076
-0.356086
-0.821196
-0.216588
-0.491658
0.806826
-0.038428
-0.772740
0.861263
0.856349
-0.775340
-0.968434
-0.721644
-0.012599
0.673312
-0.582430
0.455281
-0.406582
0.754314
-0.962718
0.703613
-0.826607
-0.321480
-0.150769
-0.065463
-0.772519
-0.678094
-0.286013
0.640848
0.839336
0.235872
0.238628
0.011419
0.653715
-0.894173
-0.186885
-0.804514
0.704493
-0.302968
0.640164
0.627751
-0.786089
0.490021
0.580171
0.764175
-0.368566
-0.851133
0.886363
0.570547
0.139829
0.830322
0.951419
0.827163
0.674364
0.327590
0.810881
0.867506
0.181929
0.404169
0.363649
0.395271
-0.741979
-0.534455
-0.949189
-0.878747
-0.844564
-0.304767
0.988337
0.985860
0.902962
-0.279344
-0.091410
-0.173980
-0.103796
0.852462
-0.330713
0.632934
0.702012
-0.119687
0.892924
0.167463
-0.349938
0.116279
-0.480875
0.766119
0.480586
-0.057289
-0.612617
-0.755351
0.625027
0.588266
0.758587
-0.837948
0.596045
0.345415
-0.180833
-0.205033
0.737538
0.918812
-0.089165
-0.881055
-0.628256
0.970074
-0.449056
-0.957904
0.517491
0.685096
0.766968
-0.800485
-0.512963
-0.194340
-0.575812
0.652948
0.137784
0.872668
-0.932215
-0.013466
0.565899
-0.642472
0.935123
-0.503946
-0.420560
0.682165
0.819019
0.572567
0.605701
0.127102
0.619788
0.507403
0.946197
-0.821509
-0.313734
0.403288
0.905928
-0.568926
-0.712716
-0.466971
0.952530
0.799024
-0.896293
-0.844478
0.619666
0.493763
-0.960643
0.858432
-0.053253
0.477313
0.644020
-0.893821
0.346954
0.091103
-0.536847
0.365779
0.579007
-0.859929
-0.900894
0.758094
0.126966
-0.704902
-0.343932
0.646796
0.888119
-0.406222
-0.837265
0.265408
-0.297243
-0.971253
0.443484
-0.407379
-0.738566
-0.604079
0.424543
-0.612395
-0.415037
-0.879483
-0.796196
0.641151
-0.930718
-0.394234
0.536085
0.073159
0.146684
-0.517842
0.893304
0.967416
0.315154
-0.875168
-0.917936
-0.956850
-0.288902
-0.763080
-0.296437
-0.392339
0.755288
0.263348
0.562780
0.119901
-0.460625
-0.166289
0.806268
0.932374
0.334769
-0.542537
0.114424
-0.632481
-0.184270
-0.480742
0.219981
-0.229387
0.310686
-0.065257
-0.472473
0.490227
0.518397
