-0.240224
-0.745006
0.780582
0.927452
0.482053
-0.526316
0.454018
0.397652
-0.340087
-0.973594
0.801871
-0.062530
-0.732215
-0.241914
-0.349958
0.349568
-0.750795
0.951189
0.501616
0.657453
0.846820
-0.625191
-0.754825
-0.750657
-0.523095
0.820185
0.682597
-0.434462
0.695675
0.561139
0.571711
-0.139918
-0.675773
-0.925672
-0.354336
-0.873794
-0.213024
-0.963349
0.890577
-0.814202
0.902570
-0.602809
0.131001
0.725168
0.112851
-0.261609
0.647575
0.499395
-0.181035
-0.314709
0.352265
0.757723
-0.529411
-0.458245
-0.751439
0.085963
0.590243
0.199825
0.887888
-0.145769
-0.819868
-0.892298
0.802897
0.165045
-0.170791
-0.468575
-0.471021
-0.349445
0.862686
0.884219
0.661571
-0.701345
0.977546
0.457727
-0.314121
0.340463
-0.797124
0.294663
0.565199
-0.408080
0.042485
0.316315
0.682409
-0.558146
-0.798267
0.438422
0.620523
0.290897
0.514036
-0.752113
0.997041
-0.561483
-0.838654
-0.732712
0.814605
-0.384514
-0.114214
0.466501
-0.458965
0.603055
-0.106842
0.908981
0.997921
-0.716675
0.944793
0.681394
-0.253186
0.847226
0.247849
0.344253
0.178491
0.113564
-0.373496
-0.063977
0.470681
-0.314466
-0.848611
0.285387
-0.461797
0.233187
-0.411556
0.955827
-0.735971
-0.010631
-0.337205
-0.177994
0.867065
0.113756
0.261319
0.231500
0.743081
0.850373
-0.732360
0.337819
-0.090439
-0.318508
0.972964
-0.483749
-0.937185
0.185463
0.929957
-0.293277
-0.731169
-0.254082
0.965718
0.761249
0.702512
0.565236
0.889968
-0.772336
0.703587
-0.033218
0.915927
-0.930305
-0.863915
-0.685238
-0.306531
0.611566
-0.327443
-0.191766
0.711645
0.943472
-0.536647
-0.243988
-0.432808
-0.116473
-0.848305
-0.959528
-0.090511
-0.911356
-0.619177
-0.405127
-0.776822
-0.452115
-0.988922
-0.400048
0.426152
0.892056
-0.260980
-0.641385
-0.268988
0.931174
0.673108
0.309064
-0.633196
0.018271
-0.267291
-0.665409
0.352091
0.293707
-0.844042
0.745256
-0.362144
-0.558988
0.071082
-0.335815
0.739869
0.434913
-0.446843
-0.316547
0.301596
0.420322
-0.987757
0.035614
0.948591
0.215834
-0.020938
-0.287079
-0.022227
0.944812
-0.999126
0.851198
0.912714
-0.614860
-0.678663
-0.396320
-0.080483
-0.034676
0.280352
-0.505855
-0.094518
-0.975223
0.165341
-0.553689
0.618329
0.476576
0.693355
-0.107998
0.937665
0.411873
0.545998
0.406419
-0.337841
-0.912361
-0.143505
0.641630
0.959500
0.148099
-0.463019
-0.623208
0.852370
0.893148
-0.626919
-0.271188
0.115019
0.317841
-0.664277
-0.283110
0.341173
0.608950
0.640760
-0.709394
0.907721
0.890129
0.428047
-0.755722
0.797800
-0.003546
0.176438
-0.395859
-0.848703
0.139863
0.924017
-0.603276
0.406669
0.934153
-0.915262
-0.353049
0.935733
-0.401383
0.164933
0.434368
-0.508832
-0.458382
-0.028547
0.063791
0.529645
0.296650
-0.121363
0.691196
0.827266
-0.691817
0.566539
-0.135667
0.880626
0.639652
-0.501817
0.713134
0.804132
0.944395
0.690359
0.617206
-0.361186
0.381804
-0.019203
-0.579811
0.493320
-0.174173
0.432080
-0.003572
-0.565796
-0.950126
0.799385
0.347699
-0.979294
0.552323
-0.314895
0.132847
0.506108
0.196623
-0.511395
-0.774743
0.446171
-0.461579
0.181219
0.740201
0.625355
0.129670
-0.513667
-0.122530
0.791769
-0.471349
-0.883319
-0.280757
0.306203
-0.887841
0.762669
-0.509412
0.063309
0.818096
-0.633235
0.475831
-0.006210
-0.728150
-0.073792
-0.580481
-0.945793
0.355231
0.065585
0.299411
0.091061
0.448813
0.412238
0.402248
-0.198674
-0.450087
0.820810
0.207133
-0.342996
0.297202
0.405276
-0.703040
-0.685550
-0.574646
0.168522
-0.554975
0.496833
0.821819
-0.235246
0.653686
-0.136256
-0.076593
-0.450107
-0.532068
-0.152398
0.141119
0.023733
0.423748
0.956718
0.199923
0.798232
-0.990050
-0.507474
-0.778199
-0.728252
-0.016626
-0.601969
0.450085
0.039883
0.734209
0.901697
0.370760
-0.583797
0.876788
-0.946048
-0.241797
0.386438
0.474295
0.468033
-0.435731
-0.540551
-0.775460
-0.507601
-0.969310
-0.947665
0.601527
0.386793
-0.451395
-0.067439
-0.089761
-0.203154
0.775540
-0.283629
0.739645
-0.725456
0.111076
0.133488
-0.856342
-0.927943
-0.668334
0.276523
0.986795
0.426882
0.310510
-0.466159
-0.813852
0.536845
-0.346888
-0.848404
-0.899229
-0.290402
0.537135
-0.761944
0.546395
0.833192
0.089211
0.039085
0.192313
-0.429001
-0.110106
-0.326383
-0.094815
0.087000
0.650710
-0.393451
0.304443
-0.108071
0.077570
0.003245
0.654557
-0.850732
-0.274008
-0.455306
-0.660762
0.770250
0.734436
0.281404
-0.758223
-0.222169
-0.508912
0.751920
0.350046
0.259520
-0.199918
-0.138736
0.912229
0.694546
-0.197605
0.762567
0.421635
-0.743580
0.532160
0.663088
-0.941836
0.147810
0.359980
0.741651
0.672283
0.786546
0.732609
0.614453
-0.909793
0.153870
-0.467818
0.185788
0.050334
-0.879708
0.801995
0.876479
0.986635
-0.838152
0.213041
0.147616
-0.323672
0.279457
0.167296
-0.282574
0.953546
0.497166
-0.658339
0.902520
-0.570552
0.077654
-0.411682
0.732623
-0.139204
0.957578
-0.101152
0.359622
-0.787304
-0.098050
-0.657817
-0.308204
0.176528
-0.789649
-0.309920
-0.969909
0.796517
-0.766798
0.831909
-0.362043
0.853898
