-0.693959
-0.609098
-0.472459
-0.625872
-0.288384
0.709346
0.387450
0.282504
0.055719
-0.788973
0.570283
0.312248
0.516222
-0.263522
0.456617
0.225268
-0.020539
0.583231
-0.484168
0.182556
0.051461
0.213641
-0.492953
-0.743527
0.409656
0.568517
-0.681823
-0.338578
-0.873867
-0.158634
0.000297
0.348749
-0.512929
-0.908314
-0.954090
0.912850
0.142181
0.307966
0.994322
-0.825079
0.141905
-0.182720
0.004152
-0.164355
-0.371920
-0.074353
-0.708810
0.619116
-0.280350
0.734931
-0.289860
-0.807471
0.866569
0.911630
0.844690
0.484864
-0.516254
-0.719705
0.599017
-0.597532
-0.655030
0.819273
-0.756100
-0.174036
-0.518177
-0.689111
0.697177
-0.700929
-0.216064
-0.829295
-0.464248
-0.651355
0.363872
-0.877868
0.611616
-0.879501
0.639918
0.639198
0.643412
0.161715
-0.967935
-0.927981
-0.076680
-0.856579
0.168446
-0.810177
0.200165
0.266198
0.902878
0.362115
0.991587
-0.953111
0.383725
-0.561882
-0.350032
0.053796
-0.155599
-0.382201
-0.803116
-0.026965
0.471074
-0.131606
-0.703183
-0.728147
-0.592045
0.033865
-0.663734
-0.593573
-0.463232
0.862240
-0.147167
0.636253
0.208495
-0.007827
-0.376806
-0.880464
-0.854226
0.834170
-0.980231
0.294835
0.002853
-0.674690
0.487302
-0.846488
0.146157
0.044011
0.221118
0.571585
-0.845605
-0.010591
-0.488711
-0.273387
0.732389
0.634693
-0.595924
-0.278645
0.729923
0.693935
0.294230
-0.193077
0.747168
0.426670
-0.956643
0.342704
-0.939390
-0.163803
0.324021
-0.796124
0.918750
0.212307
0.667359
-0.029041
-0.836771
-0.354013
-0.844998
-0.790222
-0.407530
0.924525
-0.168706
-0.580128
0.778643
-0.380330
0.206745
0.197789
-0.409190
0.224788
0.783361
-0.322660
-0.090237
-0.255199
-0.856453
0.452424
-0.498531
-0.078611
-0.791554
-0.399471
-0.142990
-0.913441
-0.268152
0.244464
-0.669989
0.769470
0.570729
-0.022791
-0.637043
-0.310468
0.785243
0.252403
0.073834
0.002763
0.215511
0.794300
-0.310663
-0.374402
0.053849
-0.232781
-0.092983
-0.775363
0.532584
-0.541165
-0.070520
0.024466
0.815404
0.325027
-0.165278
-0.309507
0.407907
0.427608
0.898812
0.906955
0.864979
0.620694
0.943161
-0.029065
0.516644
0.236719
0.696032
-0.217125
0.103731
0.593347
0.334920
0.873099
0.003812
-0.480950
-0.319659
-0.484359
-0.738348
0.179306
-0.718741
-0.535099
-0.351735
-0.254596
0.026685
0.289902
0.202564
0.702270
-0.651022
-0.886605
0.201916
-0.610781
-0.611996
-0.204890
-0.902875
0.410437
-0.231132
-0.628641
-0.564033
0.778129
0.629156
-0.421122
0.654127
0.715170
0.672091
-0.776358
0.989405
-0.133811
-0.793758
-0.926916
0.055847
0.551797
0.929521
0.105336
0.930439
0.096425
0.383677
0.274137
-0.053152
0.428849
-0.975657
0.272613
0.151393
-0.427545
0.729527
-0.446056
0.068922
-0.196262
-0.988916
-0.780052
0.033012
0.640782
-0.199531
0.957067
0.044525
0.381673
0.335674
0.473357
0.455698
0.564674
0.422978
-0.921418
0.409622
-0.480826
-0.870464
0.995055
-0.715296
0.634434
-0.588124
0.535247
0.981807
-0.916393
0.146688
0.969981
-0.743363
0.576035
0.769785
0.631547
-0.497283
-0.217088
-0.388896
-0.099696
0.638820
-0.182517
0.499396
-0.374520
-0.710563
0.589869
-0.605889
0.270498
0.267443
-0.499585
-0.176084
-0.180615
-0.134940
0.492227
0.589003
-0.170741
0.743615
0.465412
0.915422
-0.919903
-0.857446
0.755642
-0.082981
-0.848909
-0.465865
-0.462150
-0.244184
-0.608305
0.255042
0.402399
0.329411
-0.236895
0.298853
0.590811
-0.401385
0.231695
0.723211
-0.187847
-0.557244
-0.212772
-0.544721
-0.724263
-0.934501
0.041925
0.287812
0.468110
-0.773207
0.745300
0.857942
-0.612861
-0.777775
0.137751
0.419179
0.190467
0.952050
-0.010706
-0.000282
0.331079
-0.948391
0.461554
-0.762731
-0.757577
-0.430696
0.485403
0.282273
0.459654
-0.048894
0.329922
-0.908461
-0.804234
-0.884030
0.830514
-0.569260
-0.698113
-0.457337
0.261707
-0.611664
-0.411197
-0.621524
0.643228
-0.311834
0.676102
0.483054
0.889085
-0.764297
0.657493
0.227513
-0.698858
0.220681
0.751235
-0.128645
-0.867550
-0.122589
0.760184
0.381809
-0.391663
-0.474301
0.512840
-0.471660
0.491851
0.234830
-0.174072
0.340053
0.353430
0.859150
0.044552
0.115801
0.343551
-0.849321
-0.798554
-0.467693
-0.454685
-0.052726
-0.098081
0.864980
0.622297
0.856926
-0.113929
-0.557657
-0.597743
0.910859
0.122339
-0.584208
0.634945
0.068596
0.217647
-0.509581
0.352064
0.387702
-0.097167
0.204787
0.075978
0.434256
-0.147482
0.246108
0.192220
-0.370395
0.707494
0.318830
0.183202
-0.470767
-0.451983
0.504615
-0.377847
0.424153
0.426121
-0.006538
-0.653315
0.605891
0.036009
-0.912298
-0.134921
-0.635870
0.302161
0.181512
-0.297310
-0.896437
-0.375170
-0.533099
0.134083
-0.065198
0.634447
-0.475247
-0.583310
-0.005683
-0.017164
-0.799824
0.824647
-0.970259
0.548089
-0.836508
0.433261
0.123515
0.458265
0.171934
0.219168
0.290169
-0.120659
-0.317164
0.930561
-0.271748
-0.361530
-0.324321
-0.767448
-0.636197
-0.071440
-0.962201
0.484137
0.354557
0.779623
0.803127
-0.751314
0.747699
-0.738622
0.836563
-0.601871
0.952082
-0.933894
-0.201750
-0.028977
0.806026
-0.385308
